

label23B05_1=[1 1 0 0 1 1 0 1 0 1 1 1 1 1 1];
label23B05_2=[0 0 1 0 1 1 1 0 1 1 1 0 0 1 1 1];
label23B05_3=[1 1 1 1 0 0 1 1 1 0 1 0 1 0 1 1 ];
label23B05_4=[1 1 1 1 0 0 0 1 1 0 1];
label23B05_5=[1 1 1 1 1 0 0 1 1 1 1 0 1 1 0 1 0 1];
label23B05_6=[0 1 0 1 0 1 1 1 1 0 1 1 1 0 1 1 1 1 0];
label23B05_7=[0 1 0 1 1 1 1 0 1];
label23B05_8=[1 0 1 1 1 1 1 1 1 ];
label23B05_9=[1 0 1 0 1 0 0 1 1 1 0 0 1 1 ];
label23B05_10=[0 1 1 0 0 1 1 1 0 1 0 1 0 1 1 1];
label23B05_11=[0 0 1 0 1 0 1 0 1 0 1 1 1 1 0 0 1 1 ];
label23B05_12=[1 1 0 1 1 1 1 1 0 0 1 0 1 0 1 1 1 1 1 1 1 0 0 1 1 ];
label23B05_13=[1 1 1 1 1 1 0 0 1 0 1 1 1 1 0 1 1 1 ];
label23B05_14=[0 1 1 1 1 0 0 1 0 0 1 1 1 1 1 0 ];
label23B05_15=[0 0 0 0 0 1 1 1 0 0 1 0 1 0 1 1 1 1 0 1 1 ];
label23B05_16=[0 1 0 1 0 1 1 1 1 0 0 1 1 1 ];
label23B05_17=[0 1 1 0 0 1 1 1 0 1 0 1 1 0 ];
label23B05_18=[1 1 0 1 0 0 0 1 0 1 0];
label23B05_19=[0 1 1 1 0 1 1 1 1 0];
label23B05_20=[1 0 1 0 1 1 1 0 0 1 1 0 0 1 0 1 0 1 0 1 1 1 1 1];
label23B05_21=[0 1 0 0 1 1 1 0 1 1 0];
label23B05_22=[1 0 1 0 0 1 0 1 1 1 0 1 1 0];
label23B05_23=[0 1 1 1 0 0 1 1 ];
label23B05_24=[1 1 1 1 0 1 0 1 0 1 0  1 1 1 1];
label23B05_25=[0 1 1 1 0 0 0 1 0 1 1 1 1 0 1 1 0];
label23B05_26=[0 1 0 0 1 1 1 0 0 1 0 1];
label23B05_27=[0 1 1 1 0 0 1 0 0 1 1 0 1 1 1];
label23B05_28=[0 1 1 0 1 0 1 0 1 0 1 1 1];
