

label14A03_1=[1 1 1 0 1 0 1 1 0 1 1 0 1 1 0 0 1 1];
label14A03_2=[1 0 1 0 1 1 1 0 1 0 1 1 1 0];
label14A03_3=[1 1 1 0 0 1 1 0 0 1 1];
label14A03_4=[1 1 1 0 0 1 1 0 1 0 1 0 1 1 1 ];
label14A03_5=[0 1 1 1 1 0 0 1 1 1];
label14A03_6=[0 0 0 1 1 1 0 0 1 1 0 0 1 ];
label14A03_7=[1 1 1 0 1 0 1 0 0 1 1 1 1 1 ];
label14A03_8=[1 1 1 0 1 0 1 1 1 0 1 1];
label14A03_9=[1 1 1 0 1 0 1 0 0 1 1 1 1 1 ];
label14A03_10=[1 1 0 1 0 1 1 1 0 1 0 1 1 1 1 1 1 1 0 0 1 1 1 0 1 0 1 0 0 1 1 0];
label14A03_11=[1 1 1 0 0 1 1 0 0 1 1 ];
label14A03_12=[1 1 1 0 0 1 0 0 1 1] ;
label14A03_13=[0 0 1 1 1 0 1 1 1 1 1];
label14A03_14=[1 0 1 0 1 1 1 1 1 0 0 1];
label14A03_15=[1 1 0 1 1 1 0 0 1 0 1 0 1 1 1 0 0 1 1 1 1 1 1 1];
label14A03_16=[0 1 1 1 0 1 0 1 0 0 1 1 1 1 1 1];
label14A03_17=[0 1 0 1 1 0 1 0 1 1 1 0 1 1 1 0 1 0 1 1];
label14A03_18=[1 1 0 1 0 1 1 0 0 1 1 1 1 1 1 0];
label14A03_19=[1 1 1 0 1 0 1 1 1 0 1 1 1 0 1 1 1 0 0 1];
label14A03_20=[0 0 0 1 1 1 0 0 1 1 1 1 1 1];
label14A03_21=[0 0 1 1 1 1 1 0 1 1 1 1];
label14A03_22=[1 0 0 1 1 1 1 0 0 1 0 1 0 1 1 1];
label14A03_23=[1 0 0 0 1 1 0 1 0 1 1 1 0 0];
label14A03_24=[1 1 0 0 1 0 0 1 0 0 1 1];
label14A03_25=[0 0 1 1 1 0 0 1 0 0 1 1 1 1 1 0];
label14A03_26=[1 1 0 1 0 1 0 1 0 1 1 1 0 1 0 1 1 1 1 1 1];
label14A03_27=[1 1 1 1 1 0 0 1 1 0 1 0 1 1 1 1 1 0 0 1 1 1 0 1];
label14A03_28=[1 1 1 0 1 0 1 1 0 1 1];
label14A03_29=[1 1 0 0 1 1 1 0 0 1 0 0 1];
label14A03_30=[1 1 1 1 1 0 0 1];
label14A03_31=[1 0 1 0 0 1 1 1 0 0 1];
label14A03_32=[1 0 0 1 1 1 1 0 1 1 1 0 1 1 1];
label14A03_33=[0 1 1 1 1 0 0 1 1 1 0];
label14A03_34=[0 1 1 0 0 1 1 0 0 1 1];


