

label13B04_1=[1 1 1 1 0 0 1 1 1 0 0 1 1 1 0 1];
label13B04_2=[0 1 1 0 0 1 1 1];
label13B04_3=[1 1 1 0 0 1 1 0 0 1 1 0 1 1 0 1 0 1];
label13B04_4=[1 0 0 0 1 0 1 0 1 0 1 0 1 1 1 0 0 1 0];
label13B04_5=[1 0 1 0 0 1 1 1 0 1 0 1 1 0];
label13B04_6=[1 0 1 1 1 0 1 1 1 1 0];
label13B04_7=[1 0 0 1 0 1 0 1 1 1 1 1 1];
label13B04_8=[1 1 0 0 1 0 1 1 1 0 1 1 0 1 0 0 1 0 1 1];
label13B04_9=[1 0 0 1 1 1 0 1 0 1 0 0 1 1 1 0 0 1];
label13B04_10=[0 1 1 1 1 0 1 1 0 1 0 1 1 0 1 1 1 1 1 0 1 0 1 1 0 0 1 1 1 1 1];
label13B04_11=[1 1 1 0 0 0 1 0 1 0 1 1 0 1 0 1 0 1 0 1 1 1 1 1 0];
label13B04_12=[1 1 1 1 1 0 0 1 1 0 0 1 1 1 0 0 1 1 1 1 1 0 1 0 1 1 0];
label13B04_13=[1 0 0 1 1 1 0 0 1 0 0 1 1 0 1 0 0 1 0 1 1 0 1 1];
label13B04_14=[1 0 1 1 0 1 1 1 1 1 1];
label13B04_15=[0 0 1 0 1 0 1 0 1 1 0 1 1 1 0 0 1 1];
label13B04_16=[0 0 0 1 1 1 0 1 0 1 0 1 0 0 1 1];
label13B04_17=[1 0 0 1 0 1 0 1 0 1 1 0 1];
label13B04_18=[1 1 0 0 1 0 1 1 1 0 0 1 1 1 0];
label13B04_19=[0 1 0 1 0 0 1 1 1 1 1 1 1];
label13B04_20=[0 0 1 0 1 0 1 0 1 1 0 1 0 1 1];
label13B04_21=[1 1 1 0 1 0 0 1 0 1 0 0 1 1 1 0 1 1 0 1 0 1];
label13B04_22=[1 1 0 0 1 1 1 0 0 1 1 0 0 0 1 1 1 1 ];
label13B04_23=[1 1 1 0 0 0 1 1];
label13B04_24=[1 1 0 1 1 1 0 1 1 1 0 1 1];
label13B04_25=[1 0 0 0 1 1 1 0 1 0 0];
label13B04_26=[0 0 1 0 0 1 1 1 1 1 ];
label13B04_27=[1 1 0 0 1 1 1 0 0 1 0 0 1 1 1 0 1 0 1 ];
label13B04_28=[1 1 0 0 1 1 1 1 1 0 1 0 1 1 1 1 1 1 ];
label13B04_29=[1 1 0 1 0 0 1 1 1 1 1 0 0 1 1 ];
label13B04_30=[1 0 1 1 0 1 1 1 1 1 0 0 1 1 1 ];
label13B04_31=[0 1 0 0 1 0 1 0 1 0 1 1 0];
label13B04_32=[1 0 1 1 1 0 0 1 1 0 0 1 1 1 1 1 ];
label13B04_33=[1 0 1 1 0 0 1 1 1 ];
label13B04_34=[1 0 0 1 1 1 1 1 0 1 1 1 0 1 1 1 0 0 1 0 ];
label13B04_35=[1 0 1 0 1 1 1 1 1 0 1 0 1 1 1 0 0 1 1 1 ];
label13B04_36=[1 0 0 1 0 0 1 1 1 1 1 ];
label13B04_37=[1 0 0 0 1 1 1 0 0 1 0 1 1 ];